282583 87.4915 -739.713
277199 -423.121 -233.646
277057 -993.287 -683.541
277048 -901.381 -668.676
277016 808.929 -1332.85
276992 -602.458 1056.83
276631 -658.525 961.74
275967 -355.168 -296.011
275931 -355.353 -162.782
274913 -1448.8 391.969
274912 -1448.41 362.727
271665 200.819 -94.8413
270360 -1258.31 87.5093
269051 870.017 -1060.7
267727 -185.838 751.139
267556 -597.021 -162.81
266850 -61.0161 -485.999
266539 -426.095 1258.57
265754 -1167.36 -349.314
264575 -140.612 -790.327
260310 389.144 -254.888
260292 296.3 -212.934
260291 292.212 -212.922
260274 -1167.24 -405
260233 -290.512 569.514
260081 -990.262 -806.979
259762 -347.352 510.83
259237 737.764 -908.152
259074 -504.762 987.157
258804 933.494 -1452.1
258493 919.465 -1245.12
258475 243.359 -848.382
258470 242.912 -875.109
258460 333.72 -875.091
252910 -1210.4 431.418
250544 -8.81981 -828.108
250539 -133.73 -683.94
250537 -140.367 -683.463
250535 -140.265 -739.426
250534 -11.0618 139.128
250530 -250.605 676.968
250528 -682.179 -61.6698
250525 -675.689 -100.377
249658 -768.358 -1022.84
249213 -682.342 1289.93
249210 -678.999 1343.1
249186 -586.806 362.623
249181 -1301.13 -677.883
249178 -1322.23 -631.068
249173 -1323.71 1013.67
249169 -1391.87 1013.65
249156 -1433.34 436.64
249153 -1486.54 420.228
249030 921.585 1422.85
249003 934.057 1380.6
248729 -682.155 130.627
248726 -682.222 185.192
248373 -401.053 -548.848
248179 -276.028 566.508
247850 -465.423 -548.856
247462 -269.358 510.277
247409 -465.984 396.416
244144 1423.18 309.515
244129 1487.29 351.176
244112 1426.99 252.196
243969 1462.47 -97.5401
243910 -346.467 -27.746
243909 -346.44 -162.783
243905 -834.736 -635.818
243624 1456.98 246.792
242419 -150.553 1253.23
242417 -150.723 1227.68
242416 -126.801 1237.65
242400 -186.672 1216.86
242006 -296.355 1494.4
241681 -198.136 -1331.96
237880 334.202 -739.584
236034 -636.608 1436.62
234591 -857.812 1254.78
231461 -497.086 -981.457
230870 195.955 471.192
225740 -16.7359 1168.93
221781 73.3284 -923.743
221780 44.8367 -923.527
221303 -404.203 20.0923
220033 -550.117 -551.626
218600 -569.546 310.926
218598 -614.793 362.582
55357 -1168.51 -26.608
55272 -962.472 35.4896
55271 -962.073 102.636
55163 121.092 959.808
55159 121.159 905.416
13643 -1167.8 558.879
243904 -901.634 -633.79
13114 167.106 1041.99
54581 1130.81 457.026
54487 -902.402 -1022.67
54400 -1329.81 629.698
54181 -86.0321 -163.11
12675 284.79 185.553
54175 -14.4637 -163.583
53907 1124.9 286.904
53903 1124.75 227.587
11513 1381.35 716.273
52773 -45.8916 996.567
114296 1124.82 -740.087
51762 75.208 1369.03
10256 997.778 -211.639
9796 664.58 274.295
30481 390.231 758.273
50991 -1365.44 575.004
71700 -227.888 -527.707
51474 -858.645 511.105
9277 785.757 914.339
29907 74.9988 1449.02
112535 1355.94 -1405.85
133218 -1324.73 274.667
49735 -412.085 140.293
133782 -9.86828 -1024.94
28880 -549.649 959.944
49544 1217.2 152.673
91019 262.922 -1159.21
49291 -465.347 1124.65
7660 -333.175 747.538
28307 -96.1989 629.786
28270 -813.377 1416.85
69450 -140.969 794.607
48508 998.02 993.43
6986 -1316.59 795.035
48451 1308.19 -1106.14
6939 1308.57 -1303.01
258494 1168.04 -1023.6
89785 -956.163 460.279
110248 -144.386 136.265
89192 -1429.73 -435.264
47685 -1306.72 1449.01
47251 -813.374 362.145
47131 -1120.44 630.217
109147 -669.954 1235.2
67194 997.893 -875.167
46404 207.308 -1158.36
170337 -1391.88 -238.881
66571 -253.978 1331.15
45623 -465.463 -347.337
86867 1262.95 -1368.63
45271 -88.8377 1121.53
3373 379.112 1289.18
127608 -435.664 -1290.2
44553 -768.643 959.782
13167 120.516 -875.035
44182 1463.86 -1028.98
44008 1124.6 -651.879
43896 -140.259 -376.199
43791 167.204 1245.15
105963 1308.74 -740.349
43693 226.318 -1023.55
64337 -1215.45 1448.91
126526 -1445.72 510.939
43478 934.814 1328.15
147059 115.759 -633.735
53460 -1167.98 794.549
22305 1309.2 109.67
32162 1071.27 959.497
42421 -1215.08 794.912
41867 120.216 404.339
41472 -8.95938 -874.893
41375 -227.012 139.219
51641 -144.81 -1157.71
41121 -597.227 794.859
61565 -346.661 1488.35
82314 -1391.86 959.866
50981 390.137 578.387
40589 -723.823 -346.534
61195 471.953 1123.75
250550 75.926 -978.051
40283 -724.484 927.256
40264 1379.73 -1157.91
270554 966.801 779.566
40052 -904.14 185.054
8711 432.819 -1149.33
122853 -57.3165 1173.43
249667 -768.841 -973.858
39379 -722.88 -1325.26
39244 388.953 -563.901
18491 1457.62 -295.689
91020 261.035 -1152.76
249204 -767.377 185.073
249199 -767.351 362.3
18147 837.512 1409.6
38888 -1392.12 511.164
249005 934.174 1454.54
80261 -724.246 630.299
49027 1082.89 -163.523
38744 315.086 -1325.07
38743 325.128 -163.383
121661 663.129 -891.914
38503 1054.19 1041.54
38472 -1009.67 -806.985
59174 -1076.97 362.405
38414 -813.191 888.201
38409 -813.581 795.017
267755 -371.826 1234.04
38267 -989.569 630.441
38226 -1258.45 185.167
37965 846.875 507.878
37936 733.366 1331.94
37845 1061.36 -1452.3
37606 402.536 1289.14
47788 664.403 497.189
37487 -1017.63 237.514
120278 500.471 -792.932
78632 1216.24 -1452.26
37108 915.405 -799.494
57860 534.735 1402.62
16289 1061.59 -295.856
36953 -1233.06 1125.32
36620 390.052 374.856
36611 -724.172 -209.473
36400 -1386.81 542.55
15631 1042.26 -832.834
57058 1466.46 109.663
36293 65.5212 -1125.19
35931 1037.68 -951.714
35923 1061.58 -923.181
35893 -1069.57 1337.64
160404 -402.926 1011.12
118882 1082.99 -784.37
118881 1082.55 -832.567
35848 -200.751 1438.04
181119 -724.366 -874
35826 297.138 333.047
35683 -902.041 1004.62
45622 -465.469 -424.893
35273 -1076.63 -739.045
138982 -550.543 -424.692
255700 1106.46 1041.56
45484 -1491.2 -943.891
35150 -1028.37 1289.91
35132 899.055 914.201
34956 870.155 -1023.66
138492 -601.667 -946.272
34687 -1002.6 804.509
44949 870.622 1123.45
13812 -989.442 20.2431
34496 -549.64 1057.31
54445 1125.14 1206.78
116704 -1258.9 435.857
33954 953.673 -1109.22
33883 -465.319 -318.277
33878 -400.928 -346.874
157755 -1446.97 40.4095
12691 -1391.9 1402.84
12687 -1391.96 1369.49
12672 338.456 185.294
33397 -9.08526 -601.598
33396 -306.331 -629.781
33378 -141.231 -874.363
12333 997.854 -808.251
96060 67.0367 712.227
43456 1466.74 46.0694
53936 1125.01 1448.41
115896 -1168.15 -106.983
32609 408.931 -1380.28
32390 -385.972 1158.68
32389 -375.818 1124.84
32366 338.394 1206.66
73793 -356.159 184.763
1043 -1267.57 -1370.39
11246 1043.26 -651.483
42471 -8.45328 317.865
32191 -1459.02 1042.52
32187 -1458.88 1005.23
11097 -1258.88 511.239
135576 664.45 -27.8503
31730 119.496 -1162.51
10716 1124.64 184.831
10923 338.526 959.031
31526 -901.565 362.99
72633 337.16 748.28
31273 997.664 -492.694
41431 1216.83 -163.624
72894 378.457 510.302
82565 -1315.13 -464.06
113622 1054.19 1072.21
30485 476.572 710.168
30330 -420.898 794.622
9577 -1076.97 554.011
30261 1216.75 -1023.76
30257 1216.96 -1102.38
30222 -298.219 1034.22
9338 -465.077 105.028
9286 -465.794 21.2531
9281 607.214 914.514
29905 75.3653 1494.91
29845 -140.309 275.491
29842 664.182 -1153.03
29834 662.786 -1332.57
71259 1263.86 -1257.79
29711 -10.7946 78.6551
39967 -595.327 -405.801
8846 -1077.19 1041.27
39861 -1077.33 1483.76
60589 530.238 -859.827
29512 21.3556 -296.568
39747 -1016.44 319.838
8479 934.083 -1332.83
39372 -723.564 -1496.68
8078 938.288 -1098.28
39242 389.062 -725.109
91173 -637.554 -946.218
28590 -1324.65 1207.59
28585 -1391.88 1207.61
112616 -11.0529 120.904
69940 -264.722 727.778
7609 388.883 -28.1572
28088 -74.725 275.787
28084 -8.44706 276.158
28078 338.059 510.227
69453 865.082 -237.356
69946 -322.916 712.856
90091 -202.118 110.722
49026 1061.59 -163.501
6983 -1331.21 763.048
48281 -1258.92 407.888
89787 -955.958 510.948
6982 997.93 1041.37
258488 869.806 -1260.31
258467 298.226 -875.087
27699 998.142 959.415
37956 780.901 510.322
37601 402.803 1206.69
27328 -901.972 1041.26
6557 -1076.46 1245.6
151828 499.405 876.076
69345 607.133 1369.07
46864 -1391.77 1290.25
47682 -1258.54 1448.72
27134 -746.534 390.483
37298 -1017.05 278.253
193036 -449.381 1446.42
26727 97.7313 -570.677
26553 174.009 471.319
68059 -226.413 920.305
26552 158.594 471.328
26415 -451.04 1460.22
88453 1132.38 352.47
26157 -1167.81 630.24
57121 -1299.57 562.542
26085 1124.28 -1023.54
257509 251.502 130.659
47052 -94.2602 794.464
56560 434.921 958.37
25534 55.7026 -421.141
4765 401.805 274.665
25480 1309.16 -71.4003
109389 145.422 132.474
45792 865.129 -163.439
25020 351.482 -1023.52
35429 607.2 1003.31
25027 456.68 -1371.39
25019 389.41 -988.48
24973 378.086 369.44
24897 -947.928 1245.73
24841 -1258.45 -94.2854
24835 -140.443 510.472
34959 870.224 -976.966
24594 -1391.8 1171.41
45050 -1391.95 411.763
117789 -61.2966 888.283
13806 998.018 1075.59
3393 -1169 -3.84667
3303 -173.272 581.101
24022 -1482.86 -54.446
189978 -44.6222 -1024.36
65941 1309.08 -875.738
3144 -305.047 1059.89
30580 121.048 -739.927
35830 -1167.79 407.571
30739 -1076.94 -280.569
19 -506.241 -631.413
30801 1308.68 -703.283
9938 -185.642 999.127
9917 -464.959 794.636
9879 -1448.18 605.694
260079 -947.192 -806.639
40582 -724.122 -464.197
240630 578.036 1334.43
196415 1263.86 -1417.33
93721 402.182 510.504
9635 -813.465 1289.99
250546 120.506 -828.397
19785 -724.068 510.724
9610 -304.122 1138.19
9607 -282.658 1126.35
19757 205.829 184.932
9582 -1077.11 630.256
46211 -465.031 838.922
39966 -611.431 -405.84
29693 -58.813 -1183.4
4158 -549.459 20.023
45163 -465.183 959.858
24617 -1325.11 1171.42
8830 242.312 405.122
112577 167.087 1289.22
39792 338.357 1244.86
122804 216.987 -292.034
8716 512.988 -1170.17
18844 -229.428 -466.933
29206 870.33 1448.7
39380 998.163 1368.91
8472 869.838 -1332.84
174496 250.774 -1117.08
13558 1124.67 -463.239
60028 232.9 818.245
3206 88.1722 959.564
174232 1249.72 568.945
8178 -1077.06 1167.84
70347 -69.7301 -874.646
38873 -1415.58 572.501
91057 513.203 749.754
18159 -549.614 912.625
7953 -1121.76 465.027
28279 410.547 839.189
7827 661.066 -1448.72
260078 -990.023 -739.067
7604 308.591 -21.5794
12892 -412.11 105.414
12891 -412.103 71.7416
7738 -549.565 -1249.5
7737 -550.55 -1325.51
95417 1263.83 -703.832
44175 -638.232 754.243
12819 -1167.93 1335.73
95416 -1120.25 1078.93
121663 670.328 -889.885
9937 -185.522 1029.68
7477 998.574 1289.25
14659 -141.001 566.589
2031 -226.478 959.604
133750 120.385 -477.87
7077 172.564 570.028
6951 1360.16 -1292.53
32683 1347.92 14.0816
17098 -1322.94 1336.04
79357 725.613 637.67
133775 -30.432 -1140.8
37580 1319.97 787.129
142956 152.207 86.6356
6731 260.664 -1325.05
71322 185.578 -296.937
47797 664.798 607.427
69072 1407.59 -295.799
126091 163.125 676.308
6584 -1391.91 94.7878
11670 -1391.89 914.372
1466 -1391.76 1448.92
42557 67.02 1207.08
92911 -140.136 -295.446
8805 -395.681 -545.319
53126 -901.78 -464.599
11083 -900.919 1447.94
32141 1361.48 330.386
226739 1355.88 -1379.47
58030 998.335 361.634
6300 -506.186 -598.497
81082 242.461 465.714
67877 1308.69 -1023.67
47182 1085.08 1448.6
130605 795.615 959.258
93955 389.16 -420.254
172036 -499.662 1245.1
90072 -45.1146 -506.425
26150 -1258.56 -27.1023
11020 1169.31 276.803
8280 1347.36 141.469
213451 -465.099 -29.248
46855 389.277 -739.422
24977 378.538 435.372
241683 -320.041 -1331.5
104093 1407.51 -564.976
130334 -1478.62 121.971
5809 416.939 876.469
15959 -1395.88 -1324.38
8077 -676.931 794.805
130238 1079 -1375.23
5680 -1258.34 1337.01
260267 -1077.49 -404.433
47551 -1145.43 1185.48
202314 355.583 -1136.62
67310 970.416 -1290.98
5258 -1077.56 -630.551
10173 -365.955 1088.9
47476 -638.658 -346.778
47471 -550.351 -346.844
10128 -549.784 673.847
10109 1124.31 -1103.13
214724 -371.106 1265.78
46407 119.945 -1238.4
5309 -901.917 849.588
134529 870.274 -799.449
20066 -1076.85 120.932
20741 1216.81 -296.024
195 388.914 124.726
46373 1216.19 409.774
72075 -8.08432 -214.575
40679 1061.66 -28.5566
59171 -1076.68 237.868
35523 -53.5475 -421.275
49514 -671.635 -796.338
118843 401.853 380.197
61794 -283.392 794.431
20063 -1076.3 21.0291
150057 -1051.76 -1475.86
4563 378.959 1422.46
128561 -140.449 999.119
92627 121.19 1124.54
4891 -1167.8 362.578
132474 -0.63579 1041.98
7950 -1120.59 407.648
27589 -306.65 877.359
29692 -59.1479 -1324.8
4161 -607.159 20.2097
34960 -67.9922 1289.68
53418 389.097 -79.2322
11010 1339.81 292.379
53195 -550.079 -874.231
9911 -465.345 629.916
67555 172.925 629.473
10133 -549.7 794.678
39653 1479.4 829.375
8834 -945.203 1042.71
48520 -1360.72 683.128
1716 -346.06 361.961
9868 -1452.62 632.975
55697 -1323.16 1449.02
22179 -1009.64 -874.09
21971 -353.45 840.434
16883 1470.69 -808.511
166084 211.595 62.3209
50984 -1392.35 569.521
242572 -465.2 1003.42
146602 997.345 -28.1266
54583 1175.43 432.153
188884 1085.4 1330.75
188883 1061.58 -690.091
42619 -1167.91 185.248
51767 -29.9348 1368.94
52850 421.644 -1023.67
73785 -226.821 185.108
63309 390.716 1289.16
84062 -189.34 1168.24
11082 -8.03701 196.978
51521 -902.792 -346.869
8217 121.061 1042.06
11001 -1167.64 -630.848
49900 -1349.36 1449.04
112573 267.377 1289.43
1829 1266.02 -460.73
722 1308.95 -296.035
92661 -226.788 510.738
92562 1470.27 -28.3914
724 1308.88 -264.402
70451 390.449 1124.6
25055 -1258.42 1249.76
11407 205.659 -629.306
249196 -647.264 287.281
11408 142.996 -595.072
70343 -32.9691 -874.795
13106 338.219 1041.73
69626 -611.418 -464.37
22473 -1139.63 743.626
47123 -600.143 1125.04
200567 1251.94 -989.46
130948 1433.35 1491.36
68896 -226.892 362.254
17391 865.214 -296.11
62349 902.505 734.498
11244 1061.7 -651.655
37847 1061.15 -1416.34
2655 -1392.23 -149.642
10097 997.947 -1043.88
45268 -92.1816 1164.37
7505 1105.57 366.99
12823 -1167.86 1448.96
4888 -1167.84 238.008
51364 1460.51 -518.13
5966 998.246 1206.58
43304 -186.242 -162.849
10316 -1170.68 -1324.7
52260 -566.708 1344.07
4578 120.709 -296.546
23950 1309.21 184.74
6586 -1391.68 142.839
35896 -1042.84 1396.27
35851 -234.366 1433.83
104083 -1343.47 1402.5
7879 1054.18 1123.92
11081 12.759 206.247
41386 870.262 -928.61
85042 -394.458 1186.96
13165 183.999 -875.027
130239 1044.11 -1391.84
53401 -1391.74 795.191
94718 289.425 361.947
41372 -227.375 99.7086
105110 1309.04 -835.567
2110 379.028 1124.46
85997 378.054 185.262
43238 1092.77 -28.6545
1195 1216.92 -1258.01
28501 -1391.74 840.959
54606 166.881 1080.13
43237 1082.95 -28.6216
1194 1217.01 -1289.83
42516 1474.37 -949.125
51680 -1257.56 -360.549
10174 -425.533 1061.99
51914 -1492.13 -631.369
8079 938.07 -1104.66
48665 -814.291 -873.701
1282 -190.806 1349.6
40709 1340.89 519.235
93374 -9.1539 562.294
4762 1085.05 1407.34
139512 457.277 -1418.66
9638 -813.205 1332.64
51681 -1392.89 -419.332
4752 998.344 1407.17
2930 -1167.69 960.022
9682 -1168.51 75.3199
46851 389.564 -874.743
42633 -676.117 185.154
47282 997.929 1124.15
66335 -52.9633 1124.43
5954 -140.836 -1395.44
52266 -572.015 1392.68
13642 -1167.8 550.842
7074 235.926 569.769
8710 -647.786 362.446
4574 121.285 1307.15
175337 -989.557 510.957
1031 -465.97 -1021.98
4907 -1492.92 -420.39
9586 390.339 876.777
207750 -6.57313 -1175.63
135086 997.277 -1452.41
163798 -1347.79 673.525
10929 167.03 959.599
122161 -140.567 959.388
40285 -769.83 907.292
154491 -1277.72 1125.37
20330 -1076.79 -107.365
263893 506.384 -802.359
44848 401.246 185.176
53932 1124.99 1368.91
41568 442.182 1289.22
21036 -116.519 185.758
4587 119.932 -163.273
8857 -66.1353 18.2607
677 1217.02 16.9213
13556 1124.55 -527.585
112353 -61.9995 959.422
101788 869.922 -1452.23
83845 -813.05 630.217
41086 -227.199 -372.712
4628 936.584 -456.424
1265 -169.206 1328.42
20328 -1118.22 -107.37
45159 -397.245 959.685
8709 -648.744 510.846
33749 -901.997 795.005
130910 1061.71 -951.573
2927 -1167.78 915.638
31727 164.025 -1161.06
191549 -505.232 -385.118
9588 390.429 959.278
596 1460.67 -808.51
169973 388.954 -492.112
5950 -39.8142 -1430.68
17873 -775.945 1396.76
18397 337.788 435.578
186569 888.795 -211.49
29209 870.159 1480.49
640 239.088 510.215
42534 1447.3 -984.631
63287 -59.3576 -1025.62
62953 864.774 -28.1407
33394 -283.057 -629.778
12749 -992.227 120.96
65943 1341.7 -875.555
148955 1079.09 -1410.28
87924 1180.55 -875.389
39942 763.366 1368.83
32399 705.214 1448.53
3031 -1258.95 362.553
674 1217.04 -28.4055
31295 1217.01 -460.767
137313 1044.24 -1499.86
244335 1061.96 244.118
45729 -465.698 -464.606
11016 1217.53 276.785
1641 1341.69 -912.981
43147 62.9392 1290.38
11914 443.138 1334.48
141519 1171.74 1459.85
6574 -1090.99 1290.09
125600 -908.517 -117.4
42413 -1211.63 710.915
42618 -1167.98 142.509
8807 -394.609 -465.077
9800 664.315 362.06
6976 870.716 1041.26
2245 -1391.63 1124.9
2250 -1459.18 1125.09
91053 446.593 762.158
3416 1309.12 -28.4868
2308 -76.0397 1381.8
2309 -78.0966 1405.11
11971 -602.537 -541.656
22649 -549.774 630.048
2112 338.285 1123.95
21791 839.333 734.5
17202 997.677 -651.75
17579 -144.009 -527.622
243380 1479.03 161.44
116177 759.525 794.024
9554 1472.77 -875.568
35520 -10.6395 -420.722
128979 1346.07 -382.434
22867 -465.636 57.3341
12587 72.787 121.148
23283 -965.544 1401.19
196 389.189 185.263
154489 933.654 57.782
41539 -814.102 -754.281
167668 1311.63 233.444
53931 572.709 1448.36
121592 1458.29 -1405.71
239 -1257.84 -295.171
19867 115.112 -1463.73
137743 -250.392 794.493
43738 -139.74 -1022.86
12712 664.476 184.544
187070 -1077.21 1448.74
2654 -1392.18 -162.603
13978 236.223 185.157
47135 -1120.41 550.563
144871 -465.313 -296.235
7801 146.074 -739.753
44947 870.701 1078.8
23279 -994.694 1381.37
147797 -256.326 697.215
67549 337.684 629.517
109055 -637.649 -874.114
38740 389.072 -163.48
10034 119.924 -1023.85
35829 120.87 254.432
95673 121.278 1285.17
51910 -1391.65 -631.209
171409 -965.664 1448.64
57171 -984.336 -1324.95
89950 1275.13 -296.079
5864 -1077.05 510.872
33953 953.86 -1098.27
170267 -1459.12 960.244
3155 -264.378 1079.01
18418 1263.24 -379.706
7875 733.29 1488.23
76627 1124.79 -875.195
111949 -814.913 -1022.75
137580 -140.592 1048.5
3203 83.6739 1003.29
170234 -269.44 274.401
11173 1308.94 -781.229
3289 -8.60876 674.263
107054 -126.975 1287.73
265750 -1077.35 -346.858
42656 -1258.69 239.164
3390 -1129.44 -21.3744
6575 -141.587 -632.213
75325 -1216.38 -463.92
189777 733.278 1480.39
49286 -465.481 1043.94
45051 -1391.98 435.799
42098 168.183 1402.24
11204 1217.02 -420.673
3489 499.112 914.416
3532 -1459.4 1082.46
5946 85.3727 -1477.52
3028 -1258.68 274.684
24145 -209.093 1329.93
4708 -225.11 585.963
127607 -347.306 -1321.78
13776 120.674 794.526
1249 997.735 -981.49
34352 1124.84 -110.52
117364 1216.83 -564.576
24190 1309.18 -459.706
163969 388.632 41.102
47117 -597.741 1179.21
19005 -1215.5 1290.23
11194 733.29 1448.46
45793 599.908 1249.41
139240 119.897 -444.279
16742 -1167.7 1168.39
55273 1124.19 -601.825
3908 -1451.32 741.87
3929 -948.296 630.365
151585 904.761 708.698
115373 -906.514 21.0307
32682 1347.8 45.9354
19492 167.279 1207.04
6679 -724.08 20.5651
97526 637.574 1409.2
4540 1263.67 -1289.86
9341 -465.555 148.65
4627 936.59 -564.144
24843 -1258.51 -73.4638
35521 -45.8953 -421.176
4702 -203.796 511.033
258840 -901.788 414.759
56360 794.609 1004.06
45550 1469.8 -74.8114
10253 997.779 -237.141
267626 -609.844 -71.8759
99454 182.056 -562.919
20561 -901.912 -548.764
20566 -1029.09 -548.615
51477 -902.153 511.05
20616 870.506 1289.57
41425 1216.92 -215.221
10610 870.667 -564.431
57269 120.665 712.095
10695 -140.507 1020.88
10714 1093.11 184.947
41541 -902.207 -745.296
10722 -1263.21 -1324.45
10725 -465.742 184.931
220943 1165.81 -903.359
26088 1160.35 -1023.58
30802 1308.7 -692.325
26154 -1258.38 35.687
57447 -250.212 1280.4
263118 -264.422 999.507
51966 733.398 1289.19
62904 -227.848 -569.143
11005 -1167.73 -528.885
11100 -1258.79 559.262
11015 1244.54 344.265
11133 1217 -117.568
11140 1171.74 -110.311
11171 1308.99 -808.319
21568 1042.6 -784.198
42431 -81.7528 -874.601
11198 1124.84 -420.623
57815 837.609 1368.86
83975 1468.57 852.816
16341 -638.645 -406.16
1034 -549.718 -1065.56
95414 -1077.2 1078.76
95326 -1454.1 -445.705
135875 -40.443 -1324.78
52551 1309.18 -473.139
125605 -353.85 1045.47
135777 121.317 1369.26
21648 1124.84 1296.98
135999 -550.117 -45.2304
203380 902.486 1000.07
32125 -92.9425 276.075
42434 -81.7291 -1023.95
11516 1432.4 688.175
21789 791.052 734.468
136137 869.702 -1202.67
94564 390.421 1042
115428 457.307 -1396.63
11672 -1336.33 914.217
9680 -1168.78 20.4114
32152 1439.31 466.415
94732 119.902 -27.9291
94738 119.681 78.423
74045 163.334 748.134
89209 -1493.37 -358.08
52790 712.443 581.948
1689 -990.073 362.371
1691 -990.334 275.001
11965 -550.125 -591.188
16339 -638.632 -464.328
2118 385.994 -1325.74
1252 1037.71 -978.837
12497 1458.26 -1391.92
10886 388.701 77.9992
17584 -138.548 -464.401
12498 1458.2 -1369.39
74757 -186.269 -295.612
54016 1061.86 185.061
54577 1308.39 -1157.43
43300 -140.496 -163.078
58974 -1258.28 1168.31
53737 1346.23 -420.741
53767 -856.247 1434.32
7497 999.532 424.479
54775 -227.311 -1028.15
38577 -35.5562 184.713
163095 1315.17 1301.54
17835 -550.243 -318.786
12751 -990.893 185.103
17838 -551.214 -279.868
2711 -812.349 -615.318
23488 1406.97 -1452.53
23490 1407.21 -1392.06
1724 -466.228 362.247
43895 -140.28 -413.888
75335 -386.941 -629.329
43922 -1301.4 1402.42
13115 733.354 1368.94
11086 -943.924 1448.61
96066 -8.46393 749.646
85901 -1498.21 394.3
65291 997.91 -295.705
96425 167.057 1168.8
23627 1217.5 258.144
18543 -1492.84 1207.82
127579 -593.213 1296.52
13774 120.672 748.021
24061 390.417 1075.72
3515 -1492.22 1236.4
96856 -1438.24 -684.272
55362 -226.499 736.54
34500 -549.402 1125.22
33426 -1287.24 684.717
33427 -1284.49 678.329
13966 -227.821 -629.291
8854 -53.0949 -27.1974
97174 120.711 828.322
201333 120.582 510.552
97382 1217.18 138.682
25052 -1258.24 1207.59
33398 -9.02892 -522.656
201570 1355.84 -1497.48
45627 -767.709 1289.97
14834 168.171 1496.7
20088 607.342 837.933
40676 1040.51 -28.4763
15047 610.505 1481.46
15051 655.487 1484.8
19403 -206.137 -434.001
25346 953.91 -808.252
57117 666.874 1492.71
118839 -947.62 1290.09
256149 -239.094 1248.13
181111 -723.546 -1022.87
72093 -724.523 -116.245
15629 997.907 -832.655
77916 1028.77 -295.778
20744 1252.82 -296.054
67654 -549.682 1007.84
57178 -1077.22 -1324.83
15897 1154.79 393.976
119705 1308.58 -1289.84
15964 -1460.77 -1324.08
51870 338.589 121.78
267742 -310.968 1195.67
16044 997.6 185
16193 763.124 1410.24
57747 242.414 435.597
26549 173.68 428.384
35313 1309.26 -420.634
16387 -858.792 1290.05
36614 -903.847 -210.868
58492 -421.155 510.667
78740 1216.9 -527.51
58073 -1102.8 -32.7995
120452 338.547 915.2
63285 -51.508 -1024.23
99852 337.137 675.874
68778 1216.79 -599.404
6726 308.555 -1325.07
37579 1341.37 737.599
27308 1061.4 -1332.3
17101 -1343.27 1336.14
1642 1341.71 -949.121
79417 -1077.22 1124.27
17159 -288.368 998.999
17185 -288.586 959.782
17205 997.736 -564.377
17266 1124.69 -1212.89
17272 1216.6 -1213.13
5959 870.36 1206.41
100346 -1325.21 303.043
269058 997.891 -1098.33
100444 953.896 -779.768
58955 -1258.1 -233.344
121221 -1388.94 -169.017
121288 1083.06 -295.907
90071 -44.6904 -952.559
22643 1318.41 250.122
79858 865.084 -262.279
58667 -633.627 1124.67
38264 -954.098 630.386
7480 998.322 1328.15
27696 998.055 914.995
80030 -597.146 750.476
6583 -145.13 -568.958
36949 -1167.72 1125.08
121591 1180.32 -911.475
90729 -1242.13 960.012
17997 -1167.75 1078.94
80266 -724.535 794.859
7804 131.374 -687.078
60120 -945.511 1079.72
18151 837.453 1448.74
18156 -549.646 842.526
75583 -465.479 1175.15
18274 1165.69 -918.714
18275 1165.94 -911.413
54184 -98.37 -163.064
8073 -638.116 794.859
28622 -1391.97 1335.95
18374 -638.363 674.575
44010 1080.46 -651.671
210496 -641.269 105.134
8183 -947.876 1169.5
59975 -1076.63 -45.0305
70456 391.035 1428.02
8221 77.5783 1042.07
18494 1457.43 -234.038
60030 212.173 824.322
18539 -1492.5 1125.23
122334 120.15 -1207.89
18673 1264.06 139.073
186848 73.2692 78.6974
18676 1309.25 140.074
39383 1085.27 1368.73
18420 1216.95 -377.939
19001 -1167.82 1290.18
8833 242.099 362.091
101943 -1258.08 -630.976
19404 -228.908 -423.76
258498 1168.04 -1054.42
19497 121.359 1207.08
19791 -813.2 510.662
145969 777.58 876.937
19840 1124.78 -1332.37
19863 1124.74 -28.5359
123667 -226.933 -27.5674
20086 217.231 -420.462
50983 390.216 629.533
103226 1309.12 -339.144
51034 -1215.22 630.434
51037 -1258.49 630.312
103248 -311.17 1492.67
40955 1124.28 -564.526
82668 -858.835 362.334
30738 1124.51 -950.83
145028 -1323.15 1402.35
20531 961.108 -1024.55
20560 -175.91 -447.597
145078 -902.085 556.979
59 1308.56 -1213.55
20613 831.472 1289.41
62146 1308.63 -651.781
41470 40.0967 -874.913
31276 997.733 -420.785
21041 -146.208 185.583
42085 260.307 1448.81
31784 -813.341 1158.33
11623 -452.793 1474.77
21973 -364.206 877.328
84061 954.306 -1409.73
136056 -680.839 -405.324
22058 75.1591 1406.02
52329 -947.718 1207.37
22175 -901.793 -873.894
11910 443.158 1369.03
32126 -92.9516 317.784
32628 -1258.34 -163.107
22356 840.237 708.695
22357 791.505 709.146
148487 337.389 712.04
53190 -465.212 -874.443
53246 1023.76 -1332.03
43924 -1301.33 1351.05
1881 -74.897 1368.82
167785 -497.071 -1023.18
22557 499.856 1249.1
22562 508.968 1288.99
12334 997.803 -784.653
54409 -1335.27 655.718
136885 66.889 1167.28
22640 1223.62 303.102
2122 466.419 -1330.6
2307 -1212 -1324.64
53928 544.805 1448.3
33382 -227.363 -873.977
95641 1458.8 -1497.49
23190 402.642 1433.12
54013 1061.73 15.1105
54132 -1449.65 -1363.25
32364 378.98 1207.01
158545 88.0468 -1159.72
76596 1309.14 -163.734
13810 -989.476 102.628
201124 -60.8986 -499.326
13851 -638.272 913.133
55942 -329.7 53.637
55944 -356.245 118.461
55971 -327.142 1327.58
55977 -338.048 1421.31
56004 1169.5 -296.014
159303 1082.11 -612.937
201346 -943.655 1495.05
56080 1124.2 -1157.67
266538 -386.308 1263.52
56563 444.957 1003.25
118833 746.604 734.487
56683 -813.364 1124.97
57128 -1299.83 630.088
57129 1309.24 -215.43
57132 1264.28 -214.431
57133 -245.369 -1358.14
35317 1309.28 -381.508
160913 1169.87 -374.911
15158 1167.18 -527.557
57218 1217.15 -1332.31
56681 -769.001 1124.93
78332 -1391.82 266.132
57580 -901.99 959.896
36290 119.094 -1143.37
78333 -1391.81 274.64
57587 -1077.16 960.108
99093 337.955 1496.14
78386 997.797 -163.525
57818 870.353 1369.03
15796 933.773 -1392.58
57943 -724.404 -162.746
120203 -226.484 1045.12
57979 -1258.39 1290.23
58132 402.428 1369.18
78991 1308.59 -1257.71
162082 -288.531 1377.79
16391 -902.017 1289.85
58495 -465.16 510.712
58552 -556.192 1276.48
58555 -558.12 1299.1
100674 338.552 1168.5
58670 -665.893 1124.68
269011 -576.355 996.331
58960 -8.51915 234.582
59005 -227.009 -162.956
17296 696.349 1488.57
17385 865.372 -420.383
38228 -1391.69 185.3
121777 -1018.59 1448.76
59798 -859.111 1332.41
17787 -424.604 1246.03
16746 -1215.73 1168.04
60055 -1258.3 113.822
60122 -902.002 1079.79
60127 379.015 1364.3
60221 -347.588 -1490.24
60228 -1076.6 184.835
18377 -597.097 674.247
186690 1048.16 1206.99
60650 -237.337 629.97
60682 842.651 -962.566
60693 1337.09 184.533
60783 -1392.78 -950.276
60786 -1393.34 -874.691
249184 -625.315 362.529
185542 -272.066 -27.7059
61200 490.365 1206.94
61299 -724.523 -1189.82
61305 -723.814 -1125.01
61395 -724.519 362.542
61423 1169.84 227.477
123780 -961.015 232.86
61633 -550.016 -1022.93
61637 -637.547 -1023.05
61663 -1365.1 685.403
61680 -1391.76 725.968
82540 -140.239 -338.083
61793 1406.74 -517.893
20087 119.657 -421.265
62130 1216.75 -740.147
20090 607.228 876.686
62133 1216.7 -703.447
62134 66.7393 674.227
62136 85.1237 673.869
62171 -8.6419 629.798
63296 -87.6429 -1074.22
84059 954.305 -1392.65
63796 -465.176 877.197
64249 1089.18 1289.52
22207 -1492.73 1290.1
64293 200.888 -163.263
64300 -1167.79 464.874
64302 -1167.81 511.257
126089 120.615 676.31
64413 -1168.24 -874.238
105957 -615.289 1308.56
64474 1457.43 -360.234
22470 -1130.51 747.632
64201 1308.78 -564.647
65248 -906.167 -162.695
2035 -226.397 999.487
107412 -173.83 553.524
107531 -264.398 1034.42
65490 1085.8 -951.337
65633 -550.126 -598.355
65638 1309.09 15.6221
23624 1217.27 184.45
65710 -1391.79 1061.67
169512 1406.95 -1332.35
44556 -813.392 959.838
107932 426.344 391.283
65988 -186.259 794.555
23951 998.171 1448.3
65994 -185.612 959.584
23954 1030.08 1448.53
66001 -225.564 1079.17
24068 402.564 1124.28
128529 1084.49 -923.165
1876 -70.9045 1325.05
66329 67.9083 1124.56
87444 -95.8857 712.275
66695 -465.471 -739.877
87448 -140.915 712.227
66770 -646.109 962.964
3487 425.006 913.637
67191 997.717 -951.746
108762 -158.835 1115.12
67306 955.101 -1299.16
25477 1309.16 -109.484
67621 -1120.32 237.939
3902 1171 -1452.26
130043 -724.118 -616.349
67789 -265.764 1133.93
67723 1309.18 46.2724
109804 -465.229 915.056
68354 1061.99 -832.693
110403 -642.312 20.3167
68464 313.463 282.901
68489 -551.726 -1156.09
68490 -1392.34 691.216
47286 997.942 1168.22
110082 -220.119 1092.23
68646 -1391.84 877.391
151672 -768.28 630.306
68771 -1259.63 -997.925
110277 -1446.59 -90.8639
68911 1347.9 109.585
69085 1216.66 -838.66
69121 1.4572 1448.83
27122 -813.277 439.576
27305 1061.34 -1391.79
69348 637.777 1368.86
69903 -640.09 1461.18
152990 1047.85 1170.11
112217 603.017 641.146
70240 1124.92 -377.163
70252 1124.25 -296.004
28276 390.228 793.962
28301 997.494 -1332.61
70344 -44.7644 -874.749
28303 997.454 -1324.61
70346 -59.0032 -874.744
28311 -141.122 629.966
112417 -465.381 -162.742
6684 -724.096 184.836
28128 997.817 -1023.23
72257 -1167.86 669.062
72319 933.766 -27.9277
72320 1308.58 -1452.4
72323 1308.57 -1332.31
72628 341.801 785.255
30741 -1076.92 -162.662
72957 -724.415 960.181
72991 792.01 538.13
73014 148.651 184.968
73540 -1059.78 1391.37
31696 1472.85 -912.405
73739 199.974 -739.773
94673 870.191 -688.78
242205 881.024 489.13
52796 776.431 547.025
74095 997.74 -1158.04
158357 -1111.05 58.5038
74323 -345.952 316.909
74324 -422.795 316.847
74811 701.948 1289.13
74814 -1121.7 510.981
116433 573.382 1369.45
75086 -1276.6 883.619
75320 -1167.72 -463.83
117003 1354.16 -358.884
75706 -1030.32 630.323
75710 -1030.8 556.841
117216 -722.294 1366.81
75731 -1391.92 -295.811
33808 190.169 62.3759
33809 152.747 62.0134
244095 1443.9 274.416
76008 -990.074 237.396
200639 -633.864 1290.43
138984 -505.255 -424.792
97491 -105.714 153.442
77270 -1120.84 362.335
77277 573.218 -492.164
77281 593.705 -420.306
77722 -901.993 1124.63
77735 -549.666 -739.556
77738 -724.246 -746.667
98491 120.443 -924.962
78420 -192.224 1111.92
78422 -191.289 1131.68
78468 -633.859 1179.42
78469 -633.886 1216.93
37109 915.443 -771.534
182917 -264.39 -233.005
79488 119.727 -1324.25
58009 -1078.21 -1061.91
80277 -1122.77 1483.83
59011 -81.9219 1448.51
80999 870.22 -875.502
81101 -465.368 1226.45
81121 -329.809 959.835
123102 -650.744 254.195
40240 1477.81 -1093.79
82309 -1305.63 960.1
103307 -386.707 959.714
144941 -600.194 842.075
82687 -1258.5 689.775
82692 -1258.41 795.073
124442 -1076.86 -548.923
187371 -1210.24 14.5412
41753 -1391.81 1082.1
83839 -227.114 273.745
83848 -858.79 630.304
166971 1308.81 -990.198
17 -465.696 -631.032
84552 -638.239 630.108
644 172.549 510.348
85308 448.85 -1399.22
85385 1466.77 79.135
85394 1347.58 77.7597
1826 1309.06 -519.073
85912 338.343 1080.18
86070 -192.367 469.441
86115 664.094 -1023.96
86116 869.641 -1157.89
44181 -676.148 757.618
44246 -549.521 362.59
592 1354.11 -808.138
86736 323.826 794.801
107547 120.606 629.715
2716 -813.682 -464.115
86855 1062.2 -784.276
86868 1279.68 -1368.54
149131 337.814 466.116
65635 1264.59 16.966
3284 -95.9739 674.845
3300 -140.979 583.605
87386 -1391.83 -547.798
87390 -1392.74 -464.719
87405 -93.0661 362.085
276637 -661.853 1056.95
45786 664.299 -163.43
87838 1124.76 -163.574
3903 -1391.64 741.739
3375 338.541 1288.91
3933 -948.064 589.658
46162 -506.313 1124.66
46376 1266.2 383.105
88644 -8.59967 361.868
25533 82.4054 -516.148
47054 -94.3003 749.711
47298 -1463.85 304.424
5255 -901.76 -616.323
89485 870.461 1328.19
89511 1083.14 -338.247
215805 1425.67 190.683
89694 -506.071 -551.757
5683 -1258.47 1402.37
5952 -59.3823 -1423.75
68748 -1215.31 915.728
131927 -406.824 -629.005
48393 1124.15 -1452.26
259007 -504.396 959.882
90853 -1391.58 -739.622
90920 1466.4 14.0781
174529 909.203 184.87
91026 -1029.23 -616.505
194791 -8.07614 1080.29
259212 697.783 -851.373
111972 552.571 -1023.72
49533 -1130 1448.73
7665 -343.784 794.639
92025 -61.596 -420.186
92026 -85.3903 -416.968
51516 -813.645 -346.101
93887 -1227.81 660.902
93960 389.197 -292.472
10038 121.254 -977.794
136055 -858.489 794.931
115370 -1076.85 465.386
94671 870.297 -739.832
94713 346.146 355.044
95001 -1169.31 -1029.32
11197 762.932 1448.54
53316 -1258.28 -464.41
137132 -1076.87 1207.06
95679 77.6865 1288.88
11620 -408.784 1480.26
95907 444.418 793.505
53943 997.74 -740.019
74090 997.283 -1273.04
12584 77.9466 185.793
96808 1169.56 -601.373
96860 -1492.17 -683.522
55115 -633.475 -243.397
97344 -662.423 1334.13
97375 -225.91 629.922
118128 -8.47524 794.56
97407 -376.626 917.489
55365 -226.589 794.542
55480 119.916 184.991
13963 -227.517 -739.308
98742 1040.47 -73.1931
99280 607.044 794.125
119407 -444.798 1408.34
57813 637.591 1448.3
203637 308.488 58.8488
100024 607.198 1018.77
16047 997.712 283.114
16287 1061.63 -335.238
226145 153.109 31.8197
16629 -549.709 184.793
101129 -163.3 361.983
184496 933.976 1166.98
122622 -902.638 -1125.05
17784 -420.873 1202.36
59903 -767.639 1158.45
101946 -1258.37 -547.756
102107 -513.2 -296.586
60216 -142.429 -1485.92
102470 219.829 238.952
18714 -1495.09 1042.6
19866 1169.77 -28.3882
104341 512.432 -816.772
105085 -270.829 959.748
105533 -953.806 795.033
105537 -432.932 1314.62
105782 1169.72 184.574
126535 -1424.21 576.94
190317 1308.95 -949.12
64450 -1323.18 -94.3022
64468 -1076.74 -873.862
64476 1406.87 -358.478
106644 1083.04 -73.0201
106848 390.236 711.683
190993 -1077.46 -463.514
106938 769.077 837.922
106974 -483.202 1276.49
107050 -107.538 1326.24
107095 60.4353 1334.67
85547 -1492.41 40.3943
107903 443.076 361.481
108122 -1215.7 559.043
24129 21.4365 959.814
108355 1436.31 1029.26
150223 1308.93 -774.465
109052 -1022.75 460.02
109149 -670.043 1217.3
151318 -549.728 510.985
3899 1168.81 -1373.17
130609 870.189 959.221
109883 1395.76 820.19
110081 -199.37 1080.92
130911 1061.8 -978.789
110273 -1392.04 -92.3739
68744 166.891 1003.24
68902 -1391.82 1042.37
111436 -1140.4 -1476.19
215374 -1449.28 1171.45
194638 1040.86 -690.342
111689 -1325.06 333.425
111953 -1215.17 362.764
112125 -61.5354 -427.065
112261 -597.597 1235.17
112265 -633.874 1235.39
112431 242.699 569.755
112536 1355.91 -1392.21
29715 -81.7748 77.0597
72262 -1168.09 730.791
114456 453.721 1042.25
114486 1336.98 239.746
240628 555.877 1369.31
114961 998.502 1245.39
115427 -59.1912 -952.515
115517 -1125.02 -301.884
115518 -1167.36 -320.656
242395 -292.91 1453.4
32623 321.374 -1353.49
117461 527.181 1369.04
117869 604.5 766.213
118171 -1120.82 1448.68
118299 121.506 1449.02
118453 553.493 -564.39
76625 1084.36 -875.193
118957 -1167.58 -738.419
119375 1353.74 -781.332
161015 -7.23997 -1324.73
35424 607.032 958.595
119665 237.808 -1362.73
119861 338.356 877.06
162054 -195.342 1387.69
120201 -226.51 1034.13
36399 -1392.24 542.942
204808 1124.82 -832.506
120722 -724.244 1124.92
57267 163.317 712.079
121188 664.433 78.3468
121362 -599.991 912.443
121808 442.84 838.841
59533 -550.221 -162.81
123089 218.377 185.014
123779 -961.682 274.648
82528 -265.973 919.688
124933 -901.503 -1325.11
84235 120.023 362.016
233 -1167.84 -294.858
84359 -945.366 1004.91
42566 -61.9867 1225.1
127260 -256.613 1462.27
85311 449.976 -1419.37
127516 -1323.2 -27.331
85545 -1492.71 -27.337
190601 -584.653 -1325.57
87319 -45.8287 1042.07
129526 -1391.88 1006.06
87888 -226.796 -295.928
46151 453.873 1455.62
130237 1079.06 -1391.73
130240 1044.05 -1375.04
130689 -955.852 414.698
130758 -8.32289 712.2
130968 -1022.52 414.601
152232 1169.96 -214.18
131810 -550.104 -631.551
5814 390.286 837.541
4772 401.782 365.474
5862 -1022.79 510.938
133580 607.367 1448.02
49516 -671.399 -874.07
133707 182.272 871.91
133710 161.715 883.184
133751 -1299.75 510.884
175340 -989.489 556.479
134144 708.825 1196.31
218595 -608.706 1355.19
135435 518.06 -1152.63
135876 -41.2839 -1183.17
136542 -856.938 1124.71
94549 -989.517 590.273
178320 -139.309 361.847
137714 -1323.1 -547.774
159304 1061.83 -613.188
139333 -84.3933 1065.05
13847 -638.169 842.151
140238 -505.894 -464.473
140292 -901.549 -1499.67
14213 -1391.88 304.468
14217 -1391.88 362.611
56366 379.056 1448.74
140861 -1392.28 -27.4255
99095 338.125 1448.65
141183 -947.647 1125.21
141659 160.295 836.49
141733 1289.06 547.159
141736 -945.176 1401.17
142775 751.802 629.412
16830 30.7497 133.897
143028 -1077.18 1004.96
143080 -1417.04 686.028
143704 705.414 1369
102258 -901.956 899.732
145081 -902.154 630.444
145894 1477.62 -1074.56
145917 705.469 1409.06
146037 -962.081 134.867
19753 205.754 131.543
147054 -603.502 141.082
147496 -505.881 510.88
147544 -188.871 -372.376
147830 1040.41 -163.48
64418 -1258.33 -873.966
170041 -1261.93 915.896
65294 997.869 -262.508
24021 -1482.85 -90.7663
150376 -369.635 -652.971
150438 1263.9 -333.483
150815 190.21 -22.1731
150851 -1258.2 1125.41
151683 -767.823 794.842
152993 1077.6 1170.05
155418 1216.87 -1369.1
156067 -550.464 -464.464
157344 -1345.98 847.465
73272 1066.54 -462.266
73273 1085.04 -463.707
157475 1264.78 -75.0156
157827 1356.22 -234.301
160867 -465.89 274.12
161010 -1323.78 216.802
161020 -6.71156 -1207.58
162973 168.146 1448.81
163228 -332.661 -162.808
163329 913.084 -1409.04
163643 -901.935 1207.46
163980 323.703 88.3184
164609 -1077.45 770.911
165644 519.292 1334.05
166323 -421.144 629.852
82291 -638.801 1385.08
166482 -670.381 1289.86
166607 -465.446 -7.48279
125206 -1427.21 111.199
84042 -1168.04 -162.608
168744 32.5826 -1323.95
169825 -187.273 1309.46
169968 -1446.91 -41.2878
171977 1264.2 -296.067
5310 -962.736 822.371
174061 423.3 -1137.52
174753 588.16 -897.629
133895 -1259.15 -739.199
8293 1454.57 109.642
176465 -1336.39 -1472.58
176575 1030.47 185.183
179201 -1076.91 411.125
54608 167.128 1124.42
181463 -948.118 556.707
181859 954.429 -1365.84
182916 -355.241 -234.228
182918 480.715 -1449.61
182930 532.666 -1398.16
189774 224.709 848.479
232587 -145.211 -1324.37
106609 -59.365 -1024.14
192830 -722.409 1449.32
69082 1216.72 -875.546
196882 -962.348 314.165
244330 1061.96 282.918
203020 1124.53 -213.704
203450 -1120.14 1007.81
206121 -1030.64 -806.912
206906 -8.8691 536.19
208456 -45.4659 116.493
211353 -516.182 -1325.55
211692 1124.84 -783.996
45624 -724.514 1290.04
214725 -371.95 1273.39
